cannot:-5
policies:-5
morals:-5
ethics:-5
sorry:-5
Sorry:-5
role-playing:-9.100000000000001
without:-9.100000000000001
themes:-9.100000000000001
explicit:-15
Explicit:-15
Ethical:-15
consent:-15
fictional:-18.190000000000005
openai:-1000